07005
07015
07015
07015
07015
07015
07020
07020
07020
07020
07027
07027
07110
07110
07117
07117
07130
07149
07149
07149
07149
07168
07168
07168
07168
07181
07190
07207
07207
07222
07222
07222
07240
07240
07255
07280
07280
07314
07314
07314
07335
07335
07434
07434
07434
07460
07481
07510
07510
07510
07558
07577
07577
07577
07577
07591
07607
07621
07621
07627
07627
07627
07630
07630
07650
07650
07650
07690
07690
07690
07747
07761
61970
61972
61972
61972
61976
61976
61980
61980
61996
61997
61998
67005
67005
71805
71805
71805
71805
78897
78922
78925
78925
78925
81405
81405
81408
81408
89642
